MEMORY
  total           14518 KB
  struct            158 KB
  buffer             24 KB
  arena           14336 KB, used 0.2%

SIZES
  narena                14680064
  nbuffer               24848
  nplugin               0
  maxuse_stack          18592
  maxuse_arena          23200
  maxuse_con            6
  maxuse_efc            24
  ncon                  6
  ne                    0
  nf                    0
  nl                    0
  nefc                  24
  nJ                    384
  efm_active            0
  nefmK                 0
  nefmdof               0
  nefmL                 0
  nY                    0
  nA                    0
  nisland               1
  nidof                 16
  ntree_awake           1
  nbody_awake           15
  nparent_awake         14
  nv_awake              16
  flg_energypos         0
  flg_energyvel         0
  flg_subtreevel        0
  flg_rnepost           0
  threadpool            0

TIMER
    0:  duration =  1.3e+02    number = 3346
    1:  duration =  1.2e+02    number = 3347
    2:  duration =  0          number = 0
    3:  duration =  63         number = 3347
    4:  duration =  8.7        number = 3347
    5:  duration =  3.5        number = 3347
    6:  duration =  36         number = 3347
    7:  duration =  6.4        number = 3346
    8:  duration =  14         number = 3347
    9:  duration =  7.5        number = 3347
    10:  duration =  22         number = 3347
    11:  duration =  18         number = 3347
    12:  duration =  0.23       number = 3347
    13:  duration =  11         number = 3347
    14:  duration =  9.9        number = 3347

SOLVER STAT
  solver_fwdinv =   0         0       
  ISLAND 0
    solver_niter = 1
    solver_nnz = 256
      0:  improvement =  4.3e-05     gradient =  4.4e-16     lineslope =  0       
          nactive = 19   nchange = 0   neval = 2   nupdate = 0

ENERGY =   0         0       

TIME =  6.7     

QPOS
   0.14    
  -1.1e-07 
   0.11    
   1       
   8.9e-08 
   0.0006  
  -3.7e-07 
   16      
   16      
   2.7e-07 
   2.7e-07 
  -2e-08   
   0.092   
   0.039   
  -1.1e-11 
   0.0087  
  -6.8e-10 

QVEL
   0.011   
  -6.1e-09 
   3.5e-05 
  -1.1e-08 
   0.0028  
  -5.8e-07 
   2       
   2       
  -8.3e-07 
  -5.7e-07 
  -5.6e-08 
   0.26    
   0.14    
  -9.6e-11 
   0.038   
  -2.7e-09 

QACC_WARMSTART
   0.0036  
   8e-08   
   0.00099 
  -7.5e-07 
   0.00055 
   2.6e-07 
   0.063   
   0.063   
  -2.7e-07 
   1.5e-07 
  -2.2e-07 
   1.1     
   0.6     
  -2.5e-10 
   0.16    
  -1.2e-08 

CTRL
   1       
   1       
   0       
   0       
   0       
   0       
   0       
   0       

QFRC_APPLIED
   0       
   0       
   0       
   0       
   0       
   0       
   0       
   0       
   0       
   0       
   0       
   0       
   0       
   0       
   0       
   0       

XFRC_APPLIED
   0         0         0         0         0         0       
   0         0         0         0         0         0       
   0         0         0         0         0         0       
   0         0         0         0         0         0       
   0         0         0         0         0         0       
   0         0         0         0         0         0       
   0         0         0         0         0         0       
   0         0         0         0         0         0       
   0         0         0         0         0         0       
   0         0         0         0         0         0       
   0         0         0         0         0         0       
   0         0         0         0         0         0       
   0         0         0         0         0         0       
   0         0         0         0         0         0       
   0         0         0         0         0         0       

QACC
   0.0036  
   8e-08   
   0.00099 
  -7.5e-07 
   0.00055 
   2.6e-07 
   0.063   
   0.063   
  -2.7e-07 
   1.5e-07 
  -2.2e-07 
   1.1     
   0.6     
  -2.5e-10 
   0.16    
  -1.2e-08 

SENSOR
   0.69    
  -5.7e-07 
   0.27    
  -1       

TREE_ASLEEP
  -11

XPOS
   0         0         0       
   0.14     -1.1e-07   0.11    
   0.14      0.14      0.032   
   0.14     -0.14      0.032   
   0.24     -1.7e-07   0.016   
   0.039    -1.9e-08   0.016   
   0.079    -8.4e-08   0.21    
   0.26     -2.1e-07   0.19    
   0.14     -1.3e-07   0.19    
   0.14     -1.3e-07   0.22    
   0.14     -1.5e-07   0.34    
   0.32     -2.9e-07   0.32    
   0.47     -4e-07     0.3     
   0.53     -4.4e-07   0.29    
   0.6      -4.9e-07   0.28    

XQUAT
   1         0         0         0       
   1         8.9e-08   0.0006   -3.7e-07 
  -0.067     3.7e-07   1         1.1e-07 
  -0.067     3.7e-07   1         1.1e-07 
   1         9e-08     0.0006   -2.4e-07 
   1         9e-08     0.0006   -2.4e-07 
   1         8.9e-08   0.0006   -3.7e-07 
   1         8.9e-08   0.0006   -3.7e-07 
   1         8.9e-08   0.0006   -3.7e-07 
   1         8.9e-08   0.0006   -3.8e-07 
   1         1.1e-07   0.046    -3.8e-07 
   1         1.1e-07   0.066    -3.8e-07 
   1         1.1e-07   0.066    -3.8e-07 
   1         1.2e-07   0.07     -3.8e-07 
   1         1.2e-07   0.07     -3.8e-07 

XMAT
   1         0         0         0         1         0         0         0         1       
   1         7.5e-07   0.0012   -7.5e-07   1        -1.8e-07  -0.0012    1.8e-07   1       
  -0.99      7.5e-07  -0.13      7.2e-07   1         2.8e-07   0.13      1.8e-07  -0.99    
  -0.99      7.5e-07  -0.13      7.2e-07   1         2.8e-07   0.13      1.8e-07  -0.99    
   1         4.8e-07   0.0012   -4.8e-07   1        -1.8e-07  -0.0012    1.8e-07   1       
   1         4.8e-07   0.0012   -4.8e-07   1        -1.8e-07  -0.0012    1.8e-07   1       
   1         7.5e-07   0.0012   -7.5e-07   1        -1.8e-07  -0.0012    1.8e-07   1       
   1         7.5e-07   0.0012   -7.5e-07   1        -1.8e-07  -0.0012    1.8e-07   1       
   1         7.5e-07   0.0012   -7.5e-07   1        -1.8e-07  -0.0012    1.8e-07   1       
   1         7.7e-07   0.0012   -7.7e-07   1        -1.8e-07  -0.0012    1.8e-07   1       
   1         7.7e-07   0.092    -7.5e-07   1        -2.5e-07  -0.092     1.8e-07   1       
   0.99      7.7e-07   0.13     -7.4e-07   1        -2.8e-07  -0.13      1.8e-07   0.99    
   0.99      7.7e-07   0.13     -7.4e-07   1        -2.8e-07  -0.13      1.8e-07   0.99    
   0.99      7.7e-07   0.14     -7.4e-07   1        -2.8e-07  -0.14      1.8e-07   0.99    
   0.99      7.7e-07   0.14     -7.4e-07   1        -2.8e-07  -0.14      1.8e-07   0.99    

XIPOS
   0         0         0       
   0.14     -1.1e-07   0.11    
   0.14      0.14      0.032   
   0.14     -0.14      0.032   
   0.24     -1.7e-07   0.016   
   0.039    -1.9e-08   0.016   
   0.079    -8.9e-08   0.24    
   0.26     -2.1e-07   0.19    
   0.14     -1.3e-07   0.2     
   0.14     -1.4e-07   0.28    
   0.23     -2.2e-07   0.33    
   0.4      -3.5e-07   0.31    
   0.5      -4.2e-07   0.3     
   0.56     -4.7e-07   0.29    
   0.64     -5.2e-07   0.28    

XIMAT
   1         0         0         0         1         0         0         0         1       
   1         7.5e-07   0.0012   -7.5e-07   1        -1.8e-07  -0.0012    1.8e-07   1       
  -0.99     -0.13     -2.6e-07   7.2e-07  -3.4e-06  -1         0.13     -0.99      3.5e-06 
  -0.99     -0.13     -2.6e-07   7.2e-07  -3.4e-06  -1         0.13     -0.99      3.5e-06 
   1         4.8e-07   0.0012   -4.8e-07   1        -1.8e-07  -0.0012    1.8e-07   1       
   1         4.8e-07   0.0012   -4.8e-07   1        -1.8e-07  -0.0012    1.8e-07   1       
   1         7.5e-07   0.0012   -7.5e-07   1        -1.8e-07  -0.0012    1.8e-07   1       
   1         7.5e-07   0.0012   -7.5e-07   1        -1.8e-07  -0.0012    1.8e-07   1       
   1         7.5e-07   0.0012   -7.5e-07   1        -1.8e-07  -0.0012    1.8e-07   1       
   1         7.7e-07   0.0012   -7.7e-07   1        -1.8e-07  -0.0012    1.8e-07   1       
   1         7.7e-07   0.092    -7.5e-07   1        -2.5e-07  -0.092     1.8e-07   1       
   0.99      7.7e-07   0.13     -7.4e-07   1        -2.8e-07  -0.13      1.8e-07   0.99    
   0.99      7.7e-07   0.13     -7.4e-07   1        -2.8e-07  -0.13      1.8e-07   0.99    
   0.99      7.7e-07   0.14     -7.4e-07   1        -2.8e-07  -0.14      1.8e-07   0.99    
   7.7e-07   0.14      0.99      1        -2.8e-07  -7.4e-07   1.8e-07   0.99     -0.14    

XANCHOR
   0.14     -1.1e-07   0.11    
   0.14      0.14      0.032   
   0.14     -0.14      0.032   
   0.24     -1.7e-07   0.016   
   0.039    -1.9e-08   0.016   
   0.14     -1.3e-07   0.22    
   0.14     -1.5e-07   0.34    
   0.32     -2.9e-07   0.32    
   0.47     -4e-07     0.3     
   0.53     -4.4e-07   0.29    
   0.6      -4.9e-07   0.28    

XAXIS
   0         0         1       
   7.5e-07   1         1.8e-07 
   7.5e-07   1         1.8e-07 
   0.0012   -1.8e-07   1       
   0.0012   -1.8e-07   1       
   0.0012   -1.8e-07   1       
   7.7e-07   1         1.8e-07 
   7.7e-07   1         1.8e-07 
   0.99     -7.4e-07  -0.13    
   7.7e-07   1         1.8e-07 
   0.14     -2.8e-07   0.99    

GEOM_XPOS
   0         0         0       
   0.14     -1.1e-07   0.11    
   0.14      0.14      0.032   
   0.14     -0.14      0.032   
   0.24     -1.7e-07   0.016   
   0.039    -1.9e-08   0.016   
   0.079    -8.4e-08   0.21    
   0.079    -9.3e-08   0.26    
   0.26     -2.1e-07   0.19    
   0.14     -1.3e-07   0.2     
   0.14     -1.4e-07   0.28    
   0.23     -2.2e-07   0.33    
   0.4      -3.5e-07   0.31    
   0.5      -4.2e-07   0.3     
   0.56     -4.7e-07   0.29    
   0.64     -5.2e-07   0.28    
   0.68      0.014     0.27    
   0.68     -0.014     0.27    

GEOM_XMAT
   1         0         0         0         1         0         0         0         1       
   1         7.5e-07   0.0012   -7.5e-07   1        -1.8e-07  -0.0012    1.8e-07   1       
  -0.99     -0.13     -2.6e-07   7.2e-07  -3.4e-06  -1         0.13     -0.99      3.5e-06 
  -0.99     -0.13     -2.6e-07   7.2e-07  -3.4e-06  -1         0.13     -0.99      3.5e-06 
   1         4.8e-07   0.0012   -4.8e-07   1        -1.8e-07  -0.0012    1.8e-07   1       
   1         4.8e-07   0.0012   -4.8e-07   1        -1.8e-07  -0.0012    1.8e-07   1       
   1         7.5e-07   0.0012   -7.5e-07   1        -1.8e-07  -0.0012    1.8e-07   1       
   1         7.5e-07   0.0012   -7.5e-07   1        -1.8e-07  -0.0012    1.8e-07   1       
   1         7.5e-07   0.0012   -7.5e-07   1        -1.8e-07  -0.0012    1.8e-07   1       
   1         7.5e-07   0.0012   -7.5e-07   1        -1.8e-07  -0.0012    1.8e-07   1       
   1         7.7e-07   0.0012   -7.7e-07   1        -1.8e-07  -0.0012    1.8e-07   1       
   1         7.7e-07   0.092    -7.5e-07   1        -2.5e-07  -0.092     1.8e-07   1       
   0.99      7.7e-07   0.13     -7.4e-07   1        -2.8e-07  -0.13      1.8e-07   0.99    
   0.99      7.7e-07   0.13     -7.4e-07   1        -2.8e-07  -0.13      1.8e-07   0.99    
   0.99      7.7e-07   0.14     -7.4e-07   1        -2.8e-07  -0.14      1.8e-07   0.99    
   0.99      7.7e-07   0.14     -7.4e-07   1        -2.8e-07  -0.14      1.8e-07   0.99    
   0.99      7.7e-07   0.14     -7.4e-07   1        -2.8e-07  -0.14      1.8e-07   0.99    
   0.99      7.7e-07   0.14     -7.4e-07   1        -2.8e-07  -0.14      1.8e-07   0.99    

SITE_XPOS
   0.079    -8.8e-08   0.23    
   0.69     -5.7e-07   0.27    

SITE_XMAT
   1         7.5e-07   0.0012   -7.5e-07   1        -1.8e-07  -0.0012    1.8e-07   1       
   0.99      7.7e-07   0.14     -7.4e-07   1        -2.8e-07  -0.14      1.8e-07   0.99    

CAM_XPOS
  -1.4       1.2       1.1     
   0.29     -2.4e-07   0.2     

CAM_XMAT
   0.71      0.35     -0.61     -0.71      0.35     -0.61     -0.00085   0.87      0.5     
  -7.5e-07   0.0012   -1        -1        -1.8e-07   7.5e-07  -1.8e-07   1         0.0012  

LIGHT_XPOS
   0         0         4       
  -3        -3         3       

LIGHT_XDIR
   0         0        -1       
   0.58      0.58     -0.58    

SUBTREE_COM
   0.17     -1.4e-07   0.14    
   0.17     -1.4e-07   0.14    
   0.14      0.14      0.032   
   0.14     -0.14      0.032   
   0.24     -1.7e-07   0.016   
   0.039    -1.9e-08   0.016   
   0.079    -8.9e-08   0.24    
   0.26     -2.1e-07   0.19    
   0.32     -2.9e-07   0.29    
   0.34     -3e-07     0.3     
   0.39     -3.4e-07   0.31    
   0.51     -4.3e-07   0.29    
   0.6      -4.9e-07   0.28    
   0.62     -5.1e-07   0.28    
   0.64     -5.2e-07   0.28    

CDOF
   0         0         0         1         0         0       
   0         0         0         0         1         0       
   0         0         0         0         0         1       
   1        -7.5e-07  -0.0012   -2.4e-08  -0.032    -6.5e-09 
   7.5e-07   1         1.8e-07   0.032    -1.8e-08  -0.034   
   0.0012   -1.8e-07   1         2.6e-08   0.034     6e-09   
   7.5e-07   1         1.8e-07   0.11     -7.8e-08  -0.034   
   7.5e-07   1         1.8e-07   0.11     -7.8e-08  -0.034   
   0.0012   -1.8e-07   1        -4.9e-08  -0.066    -1.2e-08 
   0.0012   -1.8e-07   1         1e-07     0.13      2.4e-08 
   0.0012   -1.8e-07   1         2.6e-08   0.034     6e-09   
   7.7e-07   1         1.8e-07  -0.19      1.5e-07  -0.034   
   7.7e-07   1         1.8e-07  -0.18      1.1e-07   0.15    
   0.99     -7.4e-07  -0.13      1.5e-07   0.19      3.5e-08 
   7.7e-07   1         1.8e-07  -0.15      5.1e-08   0.35    
   0.14     -2.8e-07   0.99     -3.1e-07  -0.4      -7.1e-08 

CINERT
   0         0         0         0         0         0         0         0         0         0       
   0.08      0.091     0.11      1.1e-08  -0.011     5.3e-09  -0.33      3.1e-07  -0.32      9.9     
   0.0042    0.0018    0.0027    0.00061  -0.00049   0.002    -0.0044    0.018    -0.014     0.13    
   0.0042    0.0018    0.0027   -0.00061  -0.00049  -0.002    -0.0044   -0.018    -0.014     0.13    
   0.00029   0.00036   7.7e-05   2.9e-11   0.00015  -5.7e-11   0.0011   -4.4e-10  -0.0022    0.017   
   0.00028   0.00059   0.00031   2.8e-10  -0.00029   2.7e-10  -0.0023    2.1e-09  -0.0022    0.017   
   0.00058   0.0011    0.0005    2.8e-10   0.00051  -2.8e-10  -0.0053    3e-09     0.0054    0.057   
   0.00011   0.00037   0.00033   2.2e-10  -0.00015   1.2e-10   0.0035   -2.9e-09   0.0017    0.04    
   0.00066   0.00084   0.00034   8.1e-11   0.00032  -1.6e-10  -0.0054    2.4e-09   0.0095    0.16    
   0.0088    0.0093    0.00081   3.4e-11   0.0021   -6e-11    -0.016     1e-09     0.061     0.46    
   0.027     0.029     0.0027    3.1e-09  -0.0076    1.1e-08   0.04     -5.5e-08   0.13      0.72    
   0.012     0.032     0.02      1.8e-08  -0.015     1.4e-08   0.09     -8.1e-08   0.066     0.4     
   0.0023    0.012     0.01      8.6e-09  -0.0047    4e-09     0.031    -2.7e-08   0.015     0.096   
   0.0024    0.019     0.017     1.4e-08  -0.0062    5.2e-09   0.044    -3.6e-08   0.016     0.11    
   0.0063    0.081     0.075     6.2e-08  -0.021     1.7e-08   0.16     -1.3e-07   0.046     0.35    

ACTUATOR_LENGTH
   16      
   16      
  -2e-08   
   0.091   
   0.039   
  -1.1e-11 
   0.0087  
  -6.8e-10 

actuator_moment
------------------
       x          |
        x         |
           x      |
            x     |
             x    |
              x   |
               x  |
                x |
------------------

ACTUATOR_MOMENT
     6:  1       
     7:  1       
    10:  1       
    11:  1       
    12:  1       
    13:  1       
    14:  1       
    15:  1       

CRB
   0         0         0         0         0         0         0         0         0         0       
   0.15      0.28      0.24      1.1e-07  -0.064     5.6e-08  -5.5e-16   0        -4.8e-16   13      
   0.0042    0.0018    0.0027    0.00061  -0.00049   0.002    -0.0044    0.018    -0.014     0.13    
   0.0042    0.0018    0.0027   -0.00061  -0.00049  -0.002    -0.0044   -0.018    -0.014     0.13    
   0.00029   0.00036   7.7e-05   2.9e-11   0.00015  -5.7e-11   0.0011   -4.4e-10  -0.0022    0.017   
   0.00028   0.00059   0.00031   2.8e-10  -0.00029   2.7e-10  -0.0023    2.1e-09  -0.0022    0.017   
   0.00058   0.0011    0.0005    2.8e-10   0.00051  -2.8e-10  -0.0053    3e-09     0.0054    0.057   
   0.00011   0.00037   0.00033   2.2e-10  -0.00015   1.2e-10   0.0035   -2.9e-09   0.0017    0.04    
   0.059     0.18      0.13      1.1e-07  -0.053     5.1e-08   0.34     -3.3e-07   0.35      2.3     
   0.059     0.18      0.13      1.1e-07  -0.053     5.1e-08   0.35     -3.3e-07   0.34      2.1     
   0.05      0.17      0.13      1.1e-07  -0.055     5.1e-08   0.37     -3.3e-07   0.28      1.7     
   0.023     0.15      0.12      1e-07    -0.047     4e-08     0.33     -2.8e-07   0.14      0.95    
   0.011     0.11      0.1       8.4e-08  -0.032     2.7e-08   0.24     -1.9e-07   0.076     0.55    
   0.0087    0.1       0.092     7.6e-08  -0.028     2.3e-08   0.2      -1.7e-07   0.062     0.46    
   0.0063    0.081     0.075     6.2e-08  -0.021     1.7e-08   0.16     -1.3e-07   0.046     0.35    

M
     0:  13      
     0:  0          1:  13      
     0:  0          1:  0          2:  13      
     0: -3.1e-07    1: -0.41       2: -8.1e-08    3:  0.16    
     0:  0.41       1: -2.3e-07    2: -0.42       3:  3e-09      4:  0.31    
     0:  3.3e-07    1:  0.42       2:  7.6e-08    3: -0.078      4:  1.4e-09    5:  0.26    
     0: -1.7e-18    1:  0          2:  0          3: -7.7e-12    4:  6.6e-05    5: -5.7e-11    6:  0.0051  
     0:  1.7e-18    1: -1.7e-24    2:  0          3: -7.7e-12    4:  6.6e-05    5: -5.7e-11    7:  0.0051  
     0:  0          1:  2.2e-19    2:  2.6e-26    3:  3.6e-20    4:  4e-26      5:  1.8e-06    8:  0.005   
     0: -2.1e-25    1:  0          2:  5.2e-26    3:  5e-20      4:  5.1e-26    5:  1.8e-06    9:  0.005   
     0:  3.2e-07    1:  0.42       2:  7.5e-08    3: -0.078      4:  1.5e-09    5:  0.15      10:  0.16    
     0: -0.047      1:  1.1e-07    2: -0.42       3:  2.9e-09    4:  0.15       5: -6.2e-13   10: -6.2e-13   11:  0.16    
     0: -0.025      1:  5.3e-08    2: -0.19       3:  1.5e-09    4:  0.078      5: -4.5e-13   10: -4.5e-13   11:  0.084     12:  0.055   
     0:  2.8e-10    1:  0.00037    2:  5.6e-11    3:  0.00028    4: -6.6e-13    5:  0.00014   10:  0.00014   11:  5.2e-12   12:  3.4e-12   13:  0.0053  
     0: -0.006      1:  1.2e-08    2: -0.043      3:  4e-10      4:  0.02       5: -4.1e-13   10: -4.1e-13   11:  0.022     12:  0.014     13:  1.2e-12   14:  0.01    
     0:  1.1e-08    1:  0.015      2:  2.7e-09    3: -0.0024     4:  5e-11      5:  0.0078    10:  0.0078    11:  1.9e-13   12:  7.4e-14   13:  1.7e-05   14: -5.6e-21   15:  0.0059  

QLD
     0:  11      
     0: -2e-08      1:  11      
     0:  0.00037    1: -4.2e-09    2:  11      
     0: -1.2e-06    1: -1.6        2: -2.9e-07    3:  0.12    
     0:  2.6        1: -1.9e-06    2: -0.28       3:  6.3e-09    4:  0.18    
     0:  1.1e-07    1:  0.14       2:  2.5e-08    3: -0.023      4: -5.9e-10    5:  0.11    
     0: -3.4e-16    1:  0          2:  0          3: -1.5e-09    4:  0.013      5: -1.1e-08    6:  0.0051  
     0:  3.4e-16    1: -3.3e-22    2:  0          3: -1.5e-09    4:  0.013      5: -1.1e-08    7:  0.0051  
     0:  0          1:  4.3e-17    2:  5.2e-24    3:  7.3e-18    4:  8e-24      5:  0.00035    8:  0.005   
     0: -4.1e-23    1:  0          2:  1e-23      3:  1e-17      4:  1e-23      5:  0.00035    9:  0.005   
     0:  2.1e-06    1:  2.7        2:  4.9e-07    3: -0.51       4:  1e-08      5:  0.97      10:  0.15    
     0: -0.25       1:  9.1e-07    2: -4          3:  1.6e-08    4:  0.8        5: -4.7e-13   10: -4.7e-13   11:  0.034   
     0: -0.47       1:  1e-06      2: -3.6        3:  2.8e-08    4:  1.4        5: -3.5e-13   10: -3.5e-13   11:  1.5       12:  0.035   
     0:  4.7e-08    1:  0.062      2:  1e-08      3:  0.054      4: -6.3e-10    5:  0.022     10:  0.022     11:  4.6e-10   12:  3e-10     13:  0.0053  
     0: -0.6        1:  1.2e-06    2: -4.3        3:  4e-08      4:  2          5: -4.1e-11   10: -4.1e-11   11:  2.2       12:  1.4       13:  1.2e-10   14:  0.01    
     0:  1.9e-06    1:  2.5        2:  4.5e-07    3: -0.41       4:  8.5e-09    5:  1.3       10:  1.3       11:  3.2e-11   12:  1.2e-11   13:  0.0029    14: -9.3e-19   15:  0.0059  

QLDIAGINV
   0.088   
   0.09    
   0.088   
   8.1     
   5.7     
   9.3     
   2e+02   
   2e+02   
   2e+02   
   2e+02   
   6.8     
   29      
   28      
   1.9e+02 
   1e+02   
   1.7e+02 

M: inertia structure
------------------
 x                |
 xx               |
 xxx              |
 xxxx             |
 xxxxx            |
 xxxxxx           |
 xxxxxxx          |
 xxxxxx x         |
 xxxxxx  x        |
 xxxxxx   x       |
 xxxxxx    x      |
 xxxxxx    xx     |
 xxxxxx    xxx    |
 xxxxxx    xxxx   |
 xxxxxx    xxxxx  |
 xxxxxx    xxxxxx |
------------------

iM: block-diagonal inertia (nnzs are island ids)
------------------
 0                |
 00               |
 000              |
 0000             |
 00000            |
 000000           |
 0000000          |
 000000 0         |
 000000  0        |
 000000   0       |
 000000    0      |
 000000    00     |
 000000    000    |
 000000    0000   |
 000000    00000  |
 000000    000000 |
------------------

QH
     0:  11      
     0: -2.1e-08    1:  11      
     0:  0.0015     1: -5.5e-09    2:  11      
     0: -1.2e-06    1: -1.6        2: -2.9e-07    3:  0.12    
     0:  2.5        1: -1.9e-06    2: -0.3        3:  6.3e-09    4:  0.18    
     0:  1.4e-07    1:  0.18       2:  3.3e-08    3: -0.031      4: -4.1e-10    5:  0.11    
     0: -3.3e-16    1:  0          2:  0          3: -1.5e-09    4:  0.013      5: -1.1e-08    6:  0.0053  
     0:  3.3e-16    1: -3.1e-22    2:  0          3: -1.5e-09    4:  0.013      5: -1.1e-08    7:  0.0053  
     0:  0          1:  4.2e-17    2:  5e-24      3:  7e-18      4:  7.7e-24    5:  0.00034    8:  0.0052  
     0: -4e-23      1:  0          2:  9.9e-24    3:  9.7e-18    4:  9.9e-24    5:  0.00034    9:  0.0052  
     0:  2.1e-06    1:  2.7        2:  4.8e-07    3: -0.5        4:  9.8e-09    5:  0.95      10:  0.15    
     0: -0.25       1:  8.4e-07    2: -3.6        3:  1.5e-08    4:  0.77       5:  4.7e-15   10:  4.7e-15   11:  0.041   
     0: -0.45       1:  9.5e-07    2: -3.4        3:  2.6e-08    4:  1.3        5: -2e-12     10: -2e-12     11:  1.4       12:  0.04    
     0:  3.5e-08    1:  0.046      2:  7.5e-09    3:  0.039      4: -3.9e-10    5:  0.017     10:  0.017     11:  4e-10     12:  2.6e-10   13:  0.0073  
     0: -0.5        1:  1e-06      2: -3.5        3:  3.4e-08    4:  1.7        5: -3.4e-11   10: -3.4e-11   11:  1.8       12:  1.2       13:  1e-10     14:  0.012   
     0:  1.4e-06    1:  1.9        2:  3.4e-07    3: -0.31       4:  6.3e-09    5:  0.98      10:  0.98      11:  2.4e-11   12:  9.3e-12   13:  0.0022    14: -7e-19     15:  0.0079  

QHDIAGINV
   0.088   
   0.09    
   0.088   
   8.1     
   5.6     
   9.1     
   1.9e+02 
   1.9e+02 
   1.9e+02 
   1.9e+02 
   6.6     
   25      
   25      
   1.4e+02 
   83      
   1.3e+02 

TREE_AWAKE
  1

BODY_AWAKE
  -1 1 1 1 1 1 1 1 1 1 1 1 1 1 1

BODY_AWAKE_IND
  0 1 2 3 4 5 6 7 8 9 10 11 12 13 14

PARENT_AWAKE_IND
  1 2 3 4 5 6 7 8 9 10 11 12 13 14

DOF_AWAKE_IND
  0 1 2 3 4 5 6 7 8 9 10 11 12 13 14 15

CONTACT
  0:
     dim           3
     geoms         ground : left_wheel_geom
     exclude       0
     efc_address   0
     solref         0.02      1       
     solimp         0.9       0.95      0.001     0.5       2       
     dist          -0.00036 
     includemargin  0       
     pos            0.14      0.16     -0.00018 
     frame          0         0         1         0         1         0        -1         0         0       
     friction       3         3         0.1       0.01      0.01    
     mu             3       
     force          4.6      -1.8e-05  -12        0         0         0       
  1:
     dim           3
     geoms         ground : left_wheel_geom
     exclude       0
     efc_address   4
     solref         0.02      1       
     solimp         0.9       0.95      0.001     0.5       2       
     dist          -0.00036 
     includemargin  0       
     pos            0.14      0.12     -0.00018 
     frame          0         0         1         0         1         0        -1         0         0       
     friction       3         3         0.1       0.01      0.01    
     mu             3       
     force          4.6      -1.8e-05  -12        0         0         0       
  2:
     dim           3
     geoms         ground : right_wheel_geom
     exclude       0
     efc_address   8
     solref         0.02      1       
     solimp         0.9       0.95      0.001     0.5       2       
     dist          -0.00036 
     includemargin  0       
     pos            0.14     -0.12     -0.00018 
     frame          0         0         1         0         1         0        -1         0         0       
     friction       3         3         0.1       0.01      0.01    
     mu             3       
     force          4.6      -1.8e-05  -12        0         0         0       
  3:
     dim           3
     geoms         ground : right_wheel_geom
     exclude       0
     efc_address   12
     solref         0.02      1       
     solimp         0.9       0.95      0.001     0.5       2       
     dist          -0.00036 
     includemargin  0       
     pos            0.14     -0.16     -0.00018 
     frame          0         0         1         0         1         0        -1         0         0       
     friction       3         3         0.1       0.01      0.01    
     mu             3       
     force          4.6      -1.8e-05  -12        0         0         0       
  4:
     dim           3
     geoms         ground : front_caster_geom
     exclude       0
     efc_address   16
     solref         0.02      1       
     solimp         0.9       0.95      0.001     0.5       2       
     dist          -0.00048 
     includemargin  0       
     pos            0.24     -1.7e-07  -0.00024 
     frame          0         0         1         0         1         0        -1         0         0       
     friction       1         1         0.1       0.01      0.01    
     mu             1       
     force          72        0.0002    31        0         0         0       
  5:
     dim           3
     geoms         ground : back_caster_geom
     exclude       0
     efc_address   20
     solref         0.02      1       
     solimp         0.9       0.95      0.001     0.5       2       
     dist          -0.00024 
     includemargin  0       
     pos            0.039    -1.9e-08  -0.00012 
     frame          0         0         1         0         1         0        -1         0         0       
     friction       1         1         0.1       0.01      0.01    
     mu             1       
     force          32       -0.00012   19        0         0         0       

EFC_TYPE
  6
  6
  6
  6
  6
  6
  6
  6
  6
  6
  6
  6
  6
  6
  6
  6
  6
  6
  6
  6
  6
  6
  6
  6

EFC_ID
  0
  0
  0
  0
  1
  1
  1
  1
  2
  2
  2
  2
  3
  3
  3
  3
  4
  4
  4
  4
  5
  5
  5
  5

EFC_J
   0         3         1         0.5       9.6e-05   0.00031   8.1e-08   0         0         0         0         0         0         0         0         0       
   0        -3         1        -0.18      9.5e-05   7.7e-05  -6.2e-08   0         0         0         0         0         0         0         0         0       
  -3         0         1         0.16      0.34      0.48      0.095     0         0         0         0         0         0         0         0         0       
   3         0         1         0.16     -0.34     -0.48     -0.095     0         0         0         0         0         0         0         0         0       
   0         3         1         0.46      9.6e-05   0.00026   6.2e-08   0         0         0         0         0         0         0         0         0       
   0        -3         1        -0.22      9.5e-05   2.9e-05  -8.1e-08   0         0         0         0         0         0         0         0         0       
  -3         0         1         0.12      0.34      0.36      0.095     0         0         0         0         0         0         0         0         0       
   3         0         1         0.12     -0.34     -0.36     -0.095     0         0         0         0         0         0         0         0         0       
   0         3         1         0.22      9.6e-05  -3e-05     0         8.1e-08   0         0         0         0         0         0         0         0       
   0        -3         1        -0.46      9.5e-05  -0.00026   0        -6.2e-08   0         0         0         0         0         0         0         0       
  -3         0         1        -0.12      0.34     -0.36      0         0.095     0         0         0         0         0         0         0         0       
   3         0         1        -0.12     -0.34      0.36      0        -0.095     0         0         0         0         0         0         0         0       
   0         3         1         0.18      9.6e-05  -7.8e-05   0         6.2e-08   0         0         0         0         0         0         0         0       
   0        -3         1        -0.5       9.5e-05  -0.00031   0        -8.1e-08   0         0         0         0         0         0         0         0       
  -3         0         1        -0.16      0.34     -0.48      0         0.095     0         0         0         0         0         0         0         0       
   3         0         1        -0.16     -0.34      0.48      0        -0.095     0         0         0         0         0         0         0         0       
   0         1         1         0.11     -0.1       0.1       0         0         1.9e-05   0         0         0         0         0         0         0       
   0        -1         1        -0.11     -0.1      -0.1       0         0        -1.9e-05   0         0         0         0         0         0         0       
  -1         0         1        -6.7e-08   0.012    -6e-08     0         0        -2.8e-09   0         0         0         0         0         0         0       
   1         0         1         1e-07    -0.21      9.6e-08   0         0         2.8e-09   0         0         0         0         0         0         0       
   0         1         1         0.11      0.1      -0.1       0         0         0         1.9e-05   0         0         0         0         0         0       
   0        -1         1        -0.11      0.1       0.1       0         0         0        -1.9e-05   0         0         0         0         0         0       
  -1         0         1        -6.7e-08   0.21      5.4e-08   0         0         0        -2.8e-09   0         0         0         0         0         0       
   1         0         1         1e-07    -0.012    -9e-08     0         0         0         2.8e-09   0         0         0         0         0         0       

IEFC_J
   0         3         1         0.5       9.6e-05   0.00031   8.1e-08   0         0         0         0         0         0         0         0         0       
   0        -3         1        -0.18      9.5e-05   7.7e-05  -6.2e-08   0         0         0         0         0         0         0         0         0       
  -3         0         1         0.16      0.34      0.48      0.095     0         0         0         0         0         0         0         0         0       
   3         0         1         0.16     -0.34     -0.48     -0.095     0         0         0         0         0         0         0         0         0       
   0         3         1         0.46      9.6e-05   0.00026   6.2e-08   0         0         0         0         0         0         0         0         0       
   0        -3         1        -0.22      9.5e-05   2.9e-05  -8.1e-08   0         0         0         0         0         0         0         0         0       
  -3         0         1         0.12      0.34      0.36      0.095     0         0         0         0         0         0         0         0         0       
   3         0         1         0.12     -0.34     -0.36     -0.095     0         0         0         0         0         0         0         0         0       
   0         3         1         0.22      9.6e-05  -3e-05     0         8.1e-08   0         0         0         0         0         0         0         0       
   0        -3         1        -0.46      9.5e-05  -0.00026   0        -6.2e-08   0         0         0         0         0         0         0         0       
  -3         0         1        -0.12      0.34     -0.36      0         0.095     0         0         0         0         0         0         0         0       
   3         0         1        -0.12     -0.34      0.36      0        -0.095     0         0         0         0         0         0         0         0       
   0         3         1         0.18      9.6e-05  -7.8e-05   0         6.2e-08   0         0         0         0         0         0         0         0       
   0        -3         1        -0.5       9.5e-05  -0.00031   0        -8.1e-08   0         0         0         0         0         0         0         0       
  -3         0         1        -0.16      0.34     -0.48      0         0.095     0         0         0         0         0         0         0         0       
   3         0         1        -0.16     -0.34      0.48      0        -0.095     0         0         0         0         0         0         0         0       
   0         1         1         0.11     -0.1       0.1       0         0         1.9e-05   0         0         0         0         0         0         0       
   0        -1         1        -0.11     -0.1      -0.1       0         0        -1.9e-05   0         0         0         0         0         0         0       
  -1         0         1        -6.7e-08   0.012    -6e-08     0         0        -2.8e-09   0         0         0         0         0         0         0       
   1         0         1         1e-07    -0.21      9.6e-08   0         0         2.8e-09   0         0         0         0         0         0         0       
   0         1         1         0.11      0.1      -0.1       0         0         0         1.9e-05   0         0         0         0         0         0       
   0        -1         1        -0.11      0.1       0.1       0         0         0        -1.9e-05   0         0         0         0         0         0       
  -1         0         1        -6.7e-08   0.21      5.4e-08   0         0         0        -2.8e-09   0         0         0         0         0         0       
   1         0         1         1e-07    -0.012    -9e-08     0         0         0         2.8e-09   0         0         0         0         0         0       

EFC_POS
  -0.00036 
  -0.00036 
  -0.00036 
  -0.00036 
  -0.00036 
  -0.00036 
  -0.00036 
  -0.00036 
  -0.00036 
  -0.00036 
  -0.00036 
  -0.00036 
  -0.00036 
  -0.00036 
  -0.00036 
  -0.00036 
  -0.00048 
  -0.00048 
  -0.00048 
  -0.00048 
  -0.00024 
  -0.00024 
  -0.00024 
  -0.00024 

EFC_MARGIN
   0       
   0       
   0       
   0       
   0       
   0       
   0       
   0       
   0       
   0       
   0       
   0       
   0       
   0       
   0       
   0       
   0       
   0       
   0       
   0       
   0       
   0       
   0       
   0       

EFC_FRICTIONLOSS
   0       
   0       
   0       
   0       
   0       
   0       
   0       
   0       
   0       
   0       
   0       
   0       
   0       
   0       
   0       
   0       
   0       
   0       
   0       
   0       
   0       
   0       
   0       
   0       

EFC_DIAGA
   46      
   46      
   46      
   46      
   46      
   46      
   46      
   46      
   46      
   46      
   46      
   46      
   46      
   46      
   46      
   46      
   0.84    
   0.84    
   0.84    
   0.84    
   0.84    
   0.84    
   0.84    
   0.84    

EFC_KBIP
   2.8e+03   1.1e+02   0.91     -72      
   2.8e+03   1.1e+02   0.91     -72      
   2.8e+03   1.1e+02   0.91     -72      
   2.8e+03   1.1e+02   0.91     -72      
   2.8e+03   1.1e+02   0.91     -72      
   2.8e+03   1.1e+02   0.91     -72      
   2.8e+03   1.1e+02   0.91     -72      
   2.8e+03   1.1e+02   0.91     -72      
   2.8e+03   1.1e+02   0.91     -72      
   2.8e+03   1.1e+02   0.91     -72      
   2.8e+03   1.1e+02   0.91     -72      
   2.8e+03   1.1e+02   0.91     -72      
   2.8e+03   1.1e+02   0.91     -72      
   2.8e+03   1.1e+02   0.91     -72      
   2.8e+03   1.1e+02   0.91     -72      
   2.8e+03   1.1e+02   0.91     -72      
   2.8e+03   1.1e+02   0.92     -96      
   2.8e+03   1.1e+02   0.92     -96      
   2.8e+03   1.1e+02   0.92     -96      
   2.8e+03   1.1e+02   0.92     -96      
   2.8e+03   1.1e+02   0.91     -48      
   2.8e+03   1.1e+02   0.91     -48      
   2.8e+03   1.1e+02   0.91     -48      
   2.8e+03   1.1e+02   0.91     -48      

EFC_D
   0.23    
   0.23    
   0.23    
   0.23    
   0.23    
   0.23    
   0.23    
   0.23    
   0.23    
   0.23    
   0.23    
   0.23    
   0.23    
   0.23    
   0.23    
   0.23    
   14      
   14      
   14      
   14      
   12      
   12      
   12      
   12      

EFC_R
   4.4     
   4.4     
   4.4     
   4.4     
   4.4     
   4.4     
   4.4     
   4.4     
   4.4     
   4.4     
   4.4     
   4.4     
   4.4     
   4.4     
   4.4     
   4.4     
   0.07    
   0.07    
   0.07    
   0.07    
   0.087   
   0.087   
   0.087   
   0.087   

ACTUATOR_VELOCITY
   2       
   2       
  -5.5e-08 
   0.26    
   0.14    
  -9.5e-11 
   0.037   
  -2.6e-09 

CVEL
   0         0         0         0         0         0       
  -8.4e-09   0.0028   -5.8e-07   0.011    -2.6e-08  -6e-05   
   1.5e-06   2        -2.1e-07   0.24     -1.9e-07  -0.069   
   1.5e-06   2        -2.1e-07   0.24     -1.9e-07  -0.069   
  -9.4e-09   0.0028   -1.4e-06   0.011     2.9e-08  -6e-05   
  -9.1e-09   0.0028   -1.1e-06   0.011    -1e-07    -6e-05   
  -8.4e-09   0.0028   -5.8e-07   0.011    -2.6e-08  -6e-05   
  -8.4e-09   0.0028   -5.8e-07   0.011    -2.6e-08  -6e-05   
  -8.4e-09   0.0028   -5.8e-07   0.011    -2.6e-08  -6e-05   
  -8.5e-09   0.0028   -6.3e-07   0.011    -2.7e-08  -6e-05   
   1.9e-07   0.26     -5.9e-07  -0.039     1.2e-08  -0.0086  
   3e-07     0.4      -5.6e-07  -0.063     2.7e-08   0.012   
   3e-07     0.4      -5.6e-07  -0.063     2.7e-08   0.012   
   3.2e-07   0.44     -5.6e-07  -0.069     2.9e-08   0.025   
   3.2e-07   0.44     -5.6e-07  -0.069     3e-08     0.025   

CDOF_DOT
   0         0         0         0         0         0       
   0         0         0         0         0         0       
   0         0         0         0         0         0       
   0         0        -0         3.3e-11   4.6e-05  -1.6e-09 
   0         0         0        -3.4e-05  -1.9e-09   0.011   
   0         0        -0        -6.3e-09  -0.011    -1.9e-09 
   5.8e-07  -4.3e-13  -1e-08    -3.4e-05  -6.7e-08   0.01    
   5.8e-07  -4.3e-13  -1e-08    -3.4e-05  -6.7e-08   0.01    
   0.0028    7.7e-09  -3.3e-06  -6.4e-08  -0.011    -1.2e-09 
   0.0028    7.7e-09  -3.3e-06   5.2e-08  -0.011    -3.3e-09 
   0.0028    7.7e-09  -3.3e-06  -6e-09    -0.011    -2.2e-09 
   6.3e-07  -4.8e-13  -1.1e-08  -3.3e-05   1.2e-07   0.011   
   6.3e-07  -4.8e-13  -1.1e-08   0.046     7.6e-08   0.0069  
  -0.052    -5.2e-07  -0.4       1.3e-07   0.0034    1.8e-08 
   6.3e-07  -4.8e-13  -1.1e-08   0.13     -9.9e-10  -0.0041  
   0.43     -4e-07    -0.061    -2.2e-07   0.072     2e-08   

QFRC_BIAS
  -0.047   
   5.1e-08 
   1.2e+02 
  -8e-07   
  -4.2     
   7.5e-07 
   6.9e-18 
  -6.9e-18 
   0       
   0       
   7.5e-07 
  -4.1     
  -1.8     
   7e-10   
  -0.42    
   2.7e-08 

QFRC_SPRING
   0       
   0       
   0       
   0       
   0       
   0       
   0       
   0       
   0       
   0       
   0       
   0       
   0       
   0       
   0       
   0       

QFRC_DAMPER
   0       
   0       
   0       
   0       
   0       
   0       
  -0.2     
  -0.2     
   8.3e-08 
   5.7e-08 
   5.5e-08 
  -0.26    
  -0.14    
   9.5e-11 
  -0.037   
   2.6e-09 

QFRC_GRAVCOMP
   0       
   0       
   0       
   0       
   0       
   0       
   0       
   0       
   0       
   0       
   0       
   0       
   0       
   0       
   0       
   0       

QFRC_FLUID
   0       
   0       
   0       
   0       
   0       
   0       
   0       
   0       
   0       
   0       
   0       
   0       
   0       
   0       
   0       
   0       

QFRC_PASSIVE
   0       
   0       
   0       
   0       
   0       
   0       
  -0.2     
  -0.2     
   8.3e-08 
   5.7e-08 
   5.5e-08 
  -0.26    
  -0.14    
   9.5e-11 
  -0.037   
   2.6e-09 

EFC_VEL
   3.4e-05 
   3.4e-05 
   0.16    
  -0.16    
   3.4e-05 
   3.4e-05 
   0.16    
  -0.16    
   3.4e-05 
   3.4e-05 
   0.16    
  -0.16    
   3.4e-05 
   3.4e-05 
   0.16    
  -0.16    
  -0.00024 
  -0.00024 
  -0.01    
   0.01    
   0.00031 
   0.00031 
  -0.0099  
   0.011   

EFC_AREF
   0.91    
   0.91    
  -16      
   18      
   0.91    
   0.91    
  -16      
   18      
   0.91    
   0.91    
  -16      
   18      
   0.91    
   0.91    
  -16      
   18      
   1.3     
   1.3     
   2.3     
   0.18    
   0.57    
   0.57    
   1.6     
  -0.51    

SUBTREE_LINVEL
   0         0         0       
   0         0         0       
   0         0         0       
   0         0         0       
   0         0         0       
   0         0         0       
   0         0         0       
   0         0         0       
   0         0         0       
   0         0         0       
   0         0         0       
   0         0         0       
   0         0         0       
   0         0         0       
   0         0         0       

SUBTREE_ANGMOM
   0         0         0       
   0         0         0       
   0         0         0       
   0         0         0       
   0         0         0       
   0         0         0       
   0         0         0       
   0         0         0       
   0         0         0       
   0         0         0       
   0         0         0       
   0         0         0       
   0         0         0       
   0         0         0       
   0         0         0       

ACTUATOR_FORCE
   1       
   1       
   7.9e-07 
  -3.7     
  -1.6     
   4.3e-10 
  -0.35    
   2.7e-08 

QFRC_ACTUATOR
   0       
   0       
   0       
   0       
   0       
   0       
   1       
   1       
   0       
   0       
   7.9e-07 
  -3.7     
  -1.6     
   4.3e-10 
  -0.35    
   2.7e-08 

QFRC_SMOOTH
   0.047   
  -5.1e-08 
  -1.2e+02 
   8e-07   
   4.2     
  -7.5e-07 
   0.8     
   0.8     
   8.3e-08 
   5.7e-08 
   9.8e-08 
   0.23    
   0.13    
  -1.7e-10 
   0.034   
   3.3e-09 

QACC_SMOOTH
  -0.87    
   6.9e-07 
  -11      
   3.5e-06 
   22      
  -7.3e-06 
   1.6e+02 
   1.6e+02 
   1.7e-05 
   1.1e-05 
   1.4e-05 
  -59      
   23      
  -2.4e-07 
   11      
  -2.7e-06 

EFC_B
  -12      
  -12      
   31      
  -54      
  -12      
  -12      
   31      
  -54      
  -12      
  -12      
   31      
  -54      
  -12      
  -12      
   31      
  -54      
  -14      
  -14      
  -12      
  -16      
  -9.1     
  -9.1     
  -6.9     
  -11      

EFC_FORCE
   0.21    
   0.21    
   0       
   4.2     
   0.21    
   0.21    
   0       
   4.2     
   0.21    
   0.21    
   0       
   4.2     
   0.21    
   0.21    
   0       
   4.2     
   18      
   18      
   34      
   2.5     
   6.6     
   6.6     
   19      
   0       

EFC_STATE
  1
  1
  0
  1
  1
  1
  0
  1
  1
  1
  0
  1
  1
  1
  0
  1
  1
  1
  1
  1
  1
  1
  1
  1

QFRC_CONSTRAINT
  -0.069   
   1.5e-06 
   1.2e+02 
  -9.5e-07 
  -4       
   8.7e-07 
  -0.8     
  -0.8     
  -8.4e-08 
  -5.6e-08 
   0       
   0       
   0       
   0       
   0       
   0       

QFRC_INVERSE
   0       
   0       
   0       
   0       
   0       
   0       
   0       
   0       
   0       
   0       
   0       
   0       
   0       
   0       
   0       
   0       

CACC
   0         0         0         0         0         0       
   0         0         0         0         0         0       
   0         0         0         0         0         0       
   0         0         0         0         0         0       
   0         0         0         0         0         0       
   0         0         0         0         0         0       
   0         0         0         0         0         0       
   0         0         0         0         0         0       
   0         0         0         0         0         0       
   0         0         0         0         0         0       
   0         0         0         0         0         0       
   0         0         0         0         0         0       
   0         0         0         0         0         0       
   0         0         0         0         0         0       
   0         0         0         0         0         0       

CFRC_INT
   0         0         0         0         0         0       
   0         0         0         0         0         0       
   0         0         0         0         0         0       
   0         0         0         0         0         0       
   0         0         0         0         0         0       
   0         0         0         0         0         0       
   0         0         0         0         0         0       
   0         0         0         0         0         0       
   0         0         0         0         0         0       
   0         0         0         0         0         0       
   0         0         0         0         0         0       
   0         0         0         0         0         0       
   0         0         0         0         0         0       
   0         0         0         0         0         0       
   0         0         0         0         0         0       

CFRC_EXT
   0         0         0         0         0         0       
   0         0         0         0         0         0       
   0         0         0         0         0         0       
   0         0         0         0         0         0       
   0         0         0         0         0         0       
   0         0         0         0         0         0       
   0         0         0         0         0         0       
   0         0         0         0         0         0       
   0         0         0         0         0         0       
   0         0         0         0         0         0       
   0         0         0         0         0         0       
   0         0         0         0         0         0       
   0         0         0         0         0         0       
   0         0         0         0         0         0       
   0         0         0         0         0         0       

TREE_ISLAND
  0

ISLAND_NTREE
  1

ISLAND_ITREEADR
  0

MAP_ITREE2TREE
  0

DOF_ISLAND            0 0 0 0 0 0 0 0 0 0 0 0 0 0 0 0

ISLAND_NV             16

ISLAND_IDOFADR        0

MAP_IDOF2DOF          0 1 2 3 4 5 6 7 8 9 10 11 12 13 14 15

EFC_ISLAND            0 0 0 0 0 0 0 0 0 0 0 0 0 0 0 0 0 0 0 0 0 0 0 0

ISLAND_NEFC           24

ISLAND_IEFCADR        0

MAP_IEFC2EFC          0 1 2 3 4 5 6 7 8 9 10 11 12 13 14 15 16 17 18 19 20 21 22 23

